%YAML:1.0
---
pts_gps: !!opencv-matrix
   rows: 4
   cols: 2
   dt: d
   data: [ 3.5700013181837555e+01, 1.3977094053327698e+02,
       3.5700013181837555e+01, 1.3977179884016175e+02,
       3.5699316162024125e+01, 1.3977179884016175e+02,
       3.5699316162024125e+01, 1.3977094053327698e+02 ]
pts_sat: !!opencv-matrix
   rows: 4
   cols: 2
   dt: d
   data: [ 0., 0., 1280., 0., 1280., 1280., 0., 1280. ]
